31.
-6.0739, 8.5835
4.1792, -8.5639
31

32.
-7.5095, -7.1357
-0.4957, 3.1868
146

33.
0.0152, -7.2859
3.3606, -5.7427
115

34.
4.1335, -3.4441
6.8935, 7.4112
166

35.
-8.1217, 7.8074
6.7218, 4.6908
79

36.
-3.4658, -6.8748
-1.3766, -0.2042
163

37.
-3.2893, -6.9278
3.9422, -10.0475
67

38.
-2.6488, -0.9827
3.5759, -7.1100
46

39.
-6.6278, -5.8530
3.6857, -9.5671
70

40.
-2.8140, -4.4564
-0.5732, -8.0170
33

41.
-5.5348, 2.5324
5.6584, -4.3862
58

42.
-2.9458, 6.3220
7.2269, 9.5861
109

43.
-6.2669, 5.8207
5.4598, -8.3590
39

44.
5.6148, -2.1528
6.7381, -4.3904
27

45.
6.0508, -5.5793
6.4863, -9.4942
7
