1.
0.4792 -8.0729
0.5000 2.5521
90
2.
4.9583 -7.4479
4.9583 7.7396
90
3.
-4.0855 5.1354
3.9383 -4.4063
40
4.
-3.2022 3.3865
3.7917 3.3865
0
5.
-2.9792 -7.6563
6.0417 -0.1771
130
6.
-2.8750 0.3705
6.9375 0.3705
90
7.
0.5000 -7.3646
0.5000 6.8021
0
8.
0.7083 -5.2813
0.7083 7.4479
0
9.
-5.5208 -1.2188
7.5358 -1.2166
90
10.
3.7089 -9.7682
3.7325 3.1301
0
11.
3.7561 -7.6658
3.7797 -1.5473
0
12.
-2.3859 -2.1852
3.0002 -2.1852
0
13.
-2.2915 -0.6733
4.1577 -0.6733
90
14.
5.3389 -8.3745
5.3389 7.3587
0
15.
-0.9951 -9.4634
-0.9561 0.0976
0


16.
0.7219 2.2326 
8.6829 2.2059 
90
17.
-5.4813 -2.0588 
6.3102 -2.0321 
90
18.
-5.9359 0.5348 
6.7647 0.4813 
90
19.
-3.7433 -4.9466 
7.8877 -5.0268 
90
20.
-3.6364 -10.2674 
-3.6096 8.3958 
0
21.
-1.1979 -4.1979
5.3229 -0.0729
122
22.
-7.7006 -5.3476 
2.4332 -5.3476 
90
23.
6.8717 -8.8771 
6.8717 2.3797 
0
24.
0.0535 -1.9251 
0.0267 1.2834 
0
25.
8.4492 5.7487 
8.4760 9.1712 
0
26.
-6.4277 -6.4388
5.6298 8.6109
142
27.
-4.5455 0.6417 
6.3637 0.6417 
90
28.
-6.8717 -2.2995 
7.1391 -2.3530 
90
29.
4.5722 2.6738 
7.0856 2.6203 
90
30.
5.7754 -9.5990 
5.7487 -5.7487 
0















